5494
65347
61297
32971
28242
47669
5087
37239
3392
15887
4951
38151
5216
30081
16904
32086
43262
22353
20157
46697
17
36047
42652
55980
16146
49832
3007
53307
52372
22335
23799
57866
22146
19560
25301
50388
1694
30389
22091
5086
46276
27043
43237
51493
57124
60141
18043
34850
16958
38200
16011
16975
8711
58663
7420
24858
42960
10427
12629
29796
32762
36429
22126
54908
55989
47428
39761
57683
12281
61852
62769
58557
23359
40471
44514
14947
35076
62557
49797
52035
35222
272
3474
43933
58936
10894
3255
36360
21321
15885
620
54083
52314
22746
43456
42767
4638
17681
34915
16919
13997
32148
9941
37357
7083
54455
52304
42160
51477
36566
28659
21163
36838
32133
65096
30238
43028
2816
1062
64349
18701
1682
52897
5479
24429
30817
48246
29067
48498
17625
45987
62495
49774
55928
34316
56857
44847
21085
33481
30788
57651
62140
51951
28953
28738
51512
59192
6230
54328
60254
5043
7493
61937
57940
12972
20830
23221
61218
49897
6183
13308
30348
3143
63082
20740
37459
54403
52
58544
22349
30840
50659
18953
17256
14077
47691
3232
7733
53921
57560
2451
58965
65053
64388
51369
12489
19682
9055
8171
4044
15238
21479
34392
18381
19025
55133
55841
7893
55185
48849
30242
20489
33973
49195
37745
48050
31351
40977
55783
19736
33001
58234
13165
32518
57087
64535
45007
11233
8054
53179
15277
23292
9122
49670
41674
28148
39267
31979
36041
28916
15292
747
49405
49265
49942
21615
31779
15757
62592
22026
35494
30058
14725
48659
62576
6276
47658
42048
17509
55712
29691
32787
13469
38813
16921
55143
1425
56188
21586
37466
19568
36878
38213
3437
20608
22620
25052
52387
38377
22109
8878
8335
52167
23603
56995
49207
29879
39117
25719
47388
29294
55410
14639
42763
28688
31560
32370
30113
22212
53956
2044
41780
25298
40257
45218
45906
62877
4734
32758
35719
26843
41636
44054
13474
65239
35513
62682
29582
9095
22865
11434
38389
12740
26074
15616
41428
57634
47986
6005
14311
36406
8049
56091
61704
48307
35773
42075
45648
40508
9297
15831
1815
50933
59886
15290
50636
29863
12436
14682
38958
35301
26116
11811
48041
52190
27427
23933
44289
9877
29939
58600
46283
37988
49155
42452
20759
19393
18991
872
59901
28288
16703
61716
13685
11053
11470
64321
40917
23906
13467
14339
59208
39583
26151
41713
26238
53578
111
4991
63456
30050
63591
44203
2502
47210
21119
23262
1067
40110
24134
60968
2862
40837
57149
16547
51891
3083
15332
27272
26990
28799
41611
20662
2847
2226
62375
29085
55805
62486
34076
53725
27000
32131
32392
29503
13805
53512
52765
14873
28086
11363
10305
30949
52200
1918
47496
38555
5002
62829
291
31992
26092
41903
52654
28939
44129
49493
58024
34398
46444
26564
22587
7908
58695
54980
37411
6965
42956
24640
21838
5506
36003
32143
36455
22668
34062
18416
61223
39064
15709
61515
5520
41801
37882
58174
5205
16475
42131
63229
50874
23039
24258
7925
30948
17417
62905
2823
24382
40325
27464
46220
45832
63467
12828
16751
20599
46890
35167
16287
20418
50876
12266
25938
27142
50148
18576
32347
1087
60707
30040
51961
18211
54298
59887
49159
6180
57256
51982
30562
32046
13910
11247
12342
11842
24075
29093
32441
5429
64261
48728
25847
49601
60994
51785
11207
45606
4825
43554
46694
65532
8059
33119
18207
62357
27470
1830
3001
19191
53813
33564
51237
2187
44811
63579
14029
3350
27136
46471
8779
25861
29663
34626
9927
25122
20875
21134
5192
25700
64689
51886
25696
7212
19470
43904
4033
46940
45734
7035
595
34011
40599
51832
36199
19874
49875
50228
23224
11476
31163
32003
37337
60827
1093
47264
20413
21968
2863
25605
47668
2016
11956
7828
9228
31426
51732
13261
12830
31931
20296
13426
406
60895
65258
36605
15233
49598
21298
38457
61074
52461
4924
32875
47752
6017
14604
2629
27985
17467
28235
10117
19483
40191
17946
28711
6081
4142
41972
18911
36073
62269
32337
36480
57628
32060
7549
7326
16122
28847
45783
11660
15773
50708
44535
63525
56725
59139
619
19175
11070
28854
29292
30553
3509
47238
59264
9590
51381
35701
28501
21918
32434
60839
58398
24526
27363
412
31852
43485
29259
12100
55145
45032
62808
34144
43022
53997
27748
43641
7636
38818
6959
36929
3836
10468
18631
63100
20058
4476
33265
48559
26395
163
43862
19257
24690
5689
19669
56542
49174
48929
3106
38783
28425
378
7392
5911
54376
35140
49552
62012
8422
56511
33405
12258
1443
52037
9823
21501
56513
43088
4525
17372
43252
48387
36630
2406
54077
56299
58948
37715
39692
62055
10963
2582
62433
18355
8493
51273
53495
58046
47750
61917
49021
15619
8640
50465
2120
18463
6430
58634
61551
10955
10470
39267
59343
47100
41673
47884
37864
35086
20063
12020
31605
31026
14602
28502
49381
23096
14240
37340
15606
61990
33722
64627
12073
42362
49556
14194
60825
55987
7292
56840
1406
17762
30572
60749
64863
6709
43097
37191
41795
63161
49211
7864
28651
63814
36367
12497
21374
50607
49837
36980
47061
18023
36071
59134
60385
20092
7792
55674
10543
15084
46979
11949
32847
12015
7163
32174
18724
50260
3829
60520
47885
53040
2848
11001
51318
39215
23498
7156
24286
7799
44136
5811
25823
14672
64946
20672
34764
7202
10811
45307
22287
57790
57256
55134
4269
64419
21772
22993
49144
25601
17977
31493
13105
20826
42494
64424
60041
456
6044
18792
8256
50181
24603
34079
64853
24013
54751
34081
31216
26
13852
53503
57816
5572
43101
62085
4456
64873
19543
53600
24938
37520
19557
38043
58346
62052
36931
52852
62508
42976
6108
5228
27621
30711
39307
26938
54725
28523
61019
20405
28549
9335
8372
20830
14907
51473
17379
19363
50810
36922
7427
10212
8907
26985
48255
1717
23501
19651
54569
20473
62627
60677
25702
24712
25853
65009
51650
15042
27996
47133
35447
56546
56468
43819
11840
5839
29756
29219
25203
15030
606
32630
25242
9513
59615
7961
11230
17580
27612
264
38054
24703
60941
63756
49415
21258
63229
35529
36300
25690
17126
6211
16700
8058
50030
28540
13898
14250
57759
39101
29280
58365
6195
54522
2342
275
62484
13573
17855
24560
13837
55909
49264
9242
54129
33143
30501
51823
3137
1265
11977
20263
7477
28677
28322
57507
57217
42220
